# freq[Hz]  -  FASRotD100_mean  -  FAS_minus_1std  -  FAS_plus_1std  -  PSDRotD100_mean  -  PSD_minus_1std  -  PSD_plus_1std
1.00000000e-01 7.32477190e-03 6.35767039e-03 8.43898474e-03 3.59873681e-06 2.42694669e-06 5.33629631e-06
1.15092078e-01 1.46343997e-02 1.31829101e-02 1.62457040e-02 4.17399406e-06 2.81653690e-06 6.18569080e-06
1.32461863e-01 1.49269787e-02 1.36777233e-02 1.62903348e-02 4.71611956e-06 3.20598807e-06 6.93757532e-06
1.52453111e-01 1.46623078e-02 1.34150656e-02 1.60255101e-02 5.34219437e-06 3.55146175e-06 8.03585755e-06
1.75461453e-01 1.52675113e-02 1.40297695e-02 1.66144498e-02 5.98049392e-06 3.91916824e-06 9.12599444e-06
2.01942231e-01 1.58557671e-02 1.46180799e-02 1.71982472e-02 6.59957157e-06 4.36513234e-06 9.97778338e-06
2.32419510e-01 1.69563622e-02 1.57317675e-02 1.82762820e-02 7.18966825e-06 4.93570679e-06 1.04729336e-05
2.67496443e-01 1.78231162e-02 1.66281082e-02 1.91040054e-02 7.68571640e-06 5.33232496e-06 1.10777638e-05
3.07867214e-01 1.78314914e-02 1.66736509e-02 1.90697340e-02 8.17515543e-06 5.79517863e-06 1.15325464e-05
3.54330772e-01 1.81664381e-02 1.70718652e-02 1.93311902e-02 8.61545061e-06 6.27107631e-06 1.18362440e-05
4.07806648e-01 1.89852865e-02 1.79629899e-02 2.00657632e-02 9.24095771e-06 6.88247297e-06 1.24076476e-05
4.69353144e-01 2.04052221e-02 1.93807158e-02 2.14838860e-02 1.05823860e-05 7.87267985e-06 1.42247489e-05
5.40188285e-01 2.23529843e-02 2.12939535e-02 2.34646848e-02 1.24837660e-05 9.58273837e-06 1.62630355e-05
6.21713920e-01 2.36128405e-02 2.25815880e-02 2.46911880e-02 1.39132239e-05 1.08645665e-05 1.78173514e-05
7.15543468e-01 2.51211831e-02 2.41266483e-02 2.61567139e-02 1.58494080e-05 1.25778719e-05 1.99718789e-05
8.23533844e-01 2.75754427e-02 2.65452381e-02 2.86456290e-02 1.91052185e-05 1.55465274e-05 2.34785149e-05
9.47822212e-01 3.04263197e-02 2.93757541e-02 3.15144567e-02 2.26616231e-05 1.85770840e-05 2.76442289e-05
1.09086828e+00 3.13099024e-02 3.03261583e-02 3.23255580e-02 2.42300732e-05 2.01576101e-05 2.91253003e-05
1.25550296e+00 3.15813804e-02 3.06712528e-02 3.25185148e-02 2.49828139e-05 2.11253888e-05 2.95445919e-05
1.44498445e+00 3.31654389e-02 3.22691876e-02 3.40865828e-02 2.75555190e-05 2.33884124e-05 3.24650779e-05
1.66306262e+00 3.55863111e-02 3.46797339e-02 3.65165875e-02 3.16136121e-05 2.70939342e-05 3.68872407e-05
1.91405332e+00 3.64524042e-02 3.56146026e-02 3.73099145e-02 3.30110971e-05 2.85597028e-05 3.81562981e-05
2.20292374e+00 3.60676929e-02 3.53016820e-02 3.68503254e-02 3.23098587e-05 2.82093711e-05 3.70063894e-05
2.53539070e+00 3.60276256e-02 3.53310216e-02 3.67379643e-02 3.22640096e-05 2.84789962e-05 3.65520719e-05
2.91803383e+00 3.46267146e-02 3.39915193e-02 3.52737798e-02 3.00260234e-05 2.66205519e-05 3.38671447e-05
3.35842576e+00 3.28195681e-02 3.22710876e-02 3.33773706e-02 2.70093083e-05 2.41138160e-05 3.02524801e-05
3.86528199e+00 2.99668244e-02 2.94997394e-02 3.04413051e-02 2.25623252e-05 2.02838021e-05 2.50967996e-05
4.44863335e+00 2.72402522e-02 2.68409403e-02 2.76455047e-02 1.86318759e-05 1.69353409e-05 2.04983650e-05
5.12002455e+00 2.47858817e-02 2.44465374e-02 2.51299365e-02 1.54597516e-05 1.41282915e-05 1.69166895e-05
5.89274263e+00 2.14491412e-02 2.11720421e-02 2.17298669e-02 1.16664395e-05 1.06838658e-05 1.27393786e-05
6.78207992e+00 1.80126946e-02 1.77992946e-02 1.82286531e-02 8.27708997e-06 7.61473154e-06 8.99706285e-06
7.80563669e+00 1.47963134e-02 1.46352214e-02 1.49591785e-02 5.59076681e-06 5.16490713e-06 6.05173970e-06
8.98366945e+00 1.18767245e-02 1.17529859e-02 1.20017658e-02 3.60347528e-06 3.33952343e-06 3.88828957e-06
1.03394918e+01 9.49940752e-03 9.40770318e-03 9.59200578e-03 2.30278942e-06 2.14340991e-06 2.47402005e-06
1.18999360e+01 7.53732175e-03 7.46776073e-03 7.60753071e-03 1.45083773e-06 1.35753331e-06 1.55055504e-06
1.36958835e+01 5.91355287e-03 5.86353403e-03 5.96399839e-03 8.93307662e-07 8.38043299e-07 9.52216407e-07
1.57628769e+01 4.62461454e-03 4.58770293e-03 4.66182314e-03 5.46793163e-07 5.13920949e-07 5.81768000e-07
1.81418225e+01 3.62881094e-03 3.60264667e-03 3.65516523e-03 3.35641170e-07 3.16588396e-07 3.55840568e-07
2.08798005e+01 2.97289411e-03 2.95234532e-03 2.99358593e-03 2.22556048e-07 2.10163231e-07 2.35679640e-07
2.40309962e+01 2.45158454e-03 2.43571784e-03 2.46755460e-03 1.51850292e-07 1.43784871e-07 1.60368132e-07
2.76577728e+01 1.98619539e-03 1.97502774e-03 1.99742619e-03 9.92809608e-08 9.40965292e-08 1.04751039e-07
3.18319053e+01 1.74884576e-03 1.73934065e-03 1.75840281e-03 7.59877917e-08 7.20012334e-08 8.01950774e-08
3.66360012e+01 1.57934337e-03 1.57106199e-03 1.58766840e-03 6.19167714e-08 5.87883179e-08 6.52117073e-08
4.21651350e+01 1.44093387e-03 1.43409840e-03 1.44780191e-03 5.13779999e-08 4.88253165e-08 5.40641425e-08
4.85287299e+01 1.29961843e-03 1.29403568e-03 1.30522527e-03 4.18422914e-08 3.98176642e-08 4.39698656e-08
5.58527235e+01 1.16680927e-03 1.16204180e-03 1.17159630e-03 3.36525520e-08 3.20395485e-08 3.53467608e-08
6.42820599e+01 1.05178206e-03 1.04763093e-03 1.05594964e-03 2.73474217e-08 2.60253775e-08 2.87366235e-08
7.39835583e+01 9.34139107e-04 9.30771886e-04 9.37518510e-04 2.15600639e-08 2.05316318e-08 2.26400102e-08
8.51492144e+01 8.63996375e-04 8.60961934e-04 8.67041511e-04 1.83427493e-08 1.74905443e-08 1.92364770e-08
9.80000000e+01 8.54925283e-04 8.51213331e-04 8.58653423e-04 1.79309445e-08 1.70751337e-08 1.88296488e-08
