# freq [hz] PSA [g]
0.01000000 0.00000100
0.10000000 0.00519000
0.10526000 0.00578000
0.11111000 0.00645000
0.11765000 0.00717000
0.12500000 0.00794000
0.13333000 0.00878000
0.14286000 0.00968000
0.15385000 0.01066000
0.16667000 0.01179000
0.18182000 0.01315000
0.20000000 0.01479000
0.20833000 0.01554000
0.21739000 0.01631000
0.22727000 0.01721000
0.23810000 0.01814000
0.25000000 0.01917000
0.26316000 0.02029000
0.27778000 0.02156000
0.28571000 0.02221000
0.29412000 0.02293000
0.31250000 0.02440000
0.33333000 0.02611000
0.35714000 0.02806000
0.38462000 0.03036000
0.40000000 0.03170000
0.41667000 0.03322000
0.45455000 0.03685000
0.50000000 0.04147000
0.52632000 0.04417000
0.55556000 0.04737000
0.58824000 0.05095000
0.62500000 0.05501000
0.66667000 0.05971000
0.71429000 0.06516000
0.76923000 0.07129000
0.83333000 0.07839000
0.90909000 0.08655000
1.00000000 0.09569000
1.05263000 0.10078000
1.11111000 0.10658000
1.17647000 0.11289000
1.25000000 0.11974000
1.33333000 0.12757000
1.42857000 0.13653000
1.49925000 0.14297000
1.53846000 0.14634000
1.66667000 0.15728000
1.81818000 0.16886000
2.00000000 0.18072000
2.08333000 0.18589000
2.17391000 0.19078000
2.22222000 0.19362000
2.27273000 0.19640000
2.38095000 0.20197000
2.50000000 0.20764000
2.63158000 0.21360000
2.77778000 0.22004000
2.85714000 0.22286000
2.94118000 0.22607000
3.12500000 0.23138000
3.33333000 0.23594000
3.44828000 0.23780000
3.57143000 0.23932000
3.84615000 0.24169000
4.00000000 0.24271000
4.16667000 0.24379000
4.54545000 0.24404000
5.00000000 0.24209000
5.26316000 0.23968000
5.55556000 0.23601000
5.88235000 0.23173000
6.25000000 0.22618000
6.66667000 0.21963000
7.14286000 0.21217000
7.51880000 0.20631000
7.69231000 0.20381000
8.33333000 0.19450000
9.09091000 0.18423000
10.00000000 0.17368000
10.52632000 0.16817000
11.11111000 0.16242000
11.76471000 0.15655000
12.50000000 0.15082000
13.33333000 0.14518000
14.28571000 0.13935000
14.92537000 0.13592000
15.38462000 0.13368000
16.66667000 0.12806000
18.18182000 0.12272000
20.00000000 0.11802000
20.83333000 0.11627000
21.73913000 0.11479000
22.22222000 0.11394000
22.72727000 0.11315000
23.80952000 0.11176000
25.00000000 0.11039000
27.77778000 0.10780000
28.57143000 0.10725000
31.25000000 0.10563000
33.33333000 0.10472000
34.48276000 0.10430000
40.00000000 0.10312000
45.45455000 0.10279000
50.00000000 0.10251500
100.00000000 0.10070000
